0 0.888716 0.547169 0.026203 0.041434
0 0.495359 0.197440 0.015833 0.020230
0 0.187169 0.265846 0.026203 0.037574
0 0.201091 0.418548 0.026755 0.034688
0 0.305367 0.373750 0.061693 0.066471
0 0.085349 0.318355 0.069333 0.055882
0 0.264148 0.710956 0.028391 0.039504
0 0.480070 0.842468 0.031120 0.036608
0 0.321198 0.972532 0.027844 0.026976
0 0.753867 0.658929 0.040401 0.051057
0 0.941128 0.728778 0.043672 0.053952
0 0.421656 0.136742 0.026750 0.029862
0 0.014104 0.749494 0.026208 0.058768
0 0.706370 0.887744 0.026208 0.026976
