0 0.5085390465836633 0.4178395048679586 0.07666321976901734 0.024356255908997468
0 0.5351889658542354 0.7982562723646359 0.08439396461967448 0.028948009072169184
0 0.49556889849461716 0.8901911563490075 0.06442287375547678 0.01676988111767045
2 0.37140695915279875 0.5235583684950773 0.025718608169440244 0.007969995311767519
2 0.49394856278366106 0.5230895452414439 0.025718608169440174 0.005625879043600577
2 0.3547655068078669 0.10841537740271917 0.02874432677760957 0.009142053445850902
2 0.4844931921331316 0.10864978902953584 0.03403933434190627 0.00867323019221752
2 0.38767019667170954 0.9323722456633848 0.021936459909228462 0.007735583684950456
2 0.5128593040847201 0.9334270979840599 0.01815431164901675 0.0065635255508674105
0 0.36611195158850224 0.7852789498359118 0.036308623298033284 0.021097046413502057
