0 0.3263889463571957 0.03703348746818882 0.10395391600164494 0.015771673908285246
2 0.3311362757477876 0.49577759093065343 0.055481624301284296 0.010128414863522263
0 0.39101366941565013 0.4888220704359037 0.13018179652401288 0.06368561995877207
2 0.4959083543846388 0.49431221008752196 0.04589142467393259 0.01197848651262163
0 0.4144276615962279 0.5710743444892394 0.17700978088516856 0.05609924516744492
0 0.3291989761922083 0.6195872148653577 0.06462706154741137 0.02655231176964494
0 0.3849260314486999 0.6771837708468799 0.08241725247563401 0.035935459537865026
2 0.33575664786948634 0.9504929047765316 0.049637663422825044 0.00958278921009736
2 0.4851379179815731 0.9493948768462078 0.06743229748006413 0.011778845070744665
2 0.484065934065934 0.08784258608573436 0.029670329670329707 0.005621925509487013
2 0.3983516483516483 0.08760833918950574 0.025274725274725254 0.005621925509487013
